Printing normally:
 979 466 830 371 455 903 400 234 500 654
 299 550 309 790 457 713 455  81 193 281
 248 721 712 836 544 918 619 778 861  22
 400 590 422 593 357 394 117   8  48 559
 439 130 261 350 632 347 390  86 383 977

Printing after transposition:
 979 299 248 400 439
 466 550 721 590 130
 830 309 712 422 261
 371 790 836 593 350
 455 457 544 357 632
 903 713 918 394 347
 400 455 619 117 390
 234  81 778   8  86
 500 193 861  48 383
 654 281  22 559 977
